0000   00 00 1a 00 2f 48 00 00 7e 93 85 3b 67 06 00 00
0010   02 18 6c 09 c0 00 b3 00 00 00 80 00 00 00 ff ff
0020   ff ff ff ff 08 10 78 c8 c9 50 08 10 78 c8 c9 50
0030   70 fa 7e 79 9d d9 0b 00 00 00 19 00 11 04 00 0b
0040   7a 68 61 6e 67 79 75 79 61 6e 67 01 08 82 84 8b
0050   96 0c 12 18 24 03 01 01 05 04 02 03 00 00 2a 01
0060   04 32 04 30 48 60 6c 2d 1a ee 19 1f ff ff 00 00
0070   00 00 00 00 00 00 00 00 00 00 00 00 00 00 00 00
0080   00 00 00 3d 16 01 05 11 00 00 00 00 00 00 00 00
0090   00 00 00 00 00 00 00 00 00 00 00 dd 1a 00 50 f2
00a0   01 01 00 00 50 f2 02 02 00 00 50 f2 02 00 50 f2
00b0   04 01 00 00 50 f2 02 30 18 01 00 00 0f ac 02 02
00c0   00 00 0f ac 02 00 0f ac 04 01 00 00 0f ac 02 00
00d0   00 dd 18 00 50 f2 02 01 01 00 00 03 a4 00 00 27
00e0   a4 00 00 42 43 5e 00 62 32 2f 00 dd 1e 00 90 4c
00f0   33 ee 19 1f ff ff 00 00 00 00 00 00 00 00 00 00
0100   00 00 00 00 00 00 00 00 00 00 00 dd 1a 00 90 4c
0110   34 01 05 11 00 00 00 00 00 00 00 00 00 00 00 00
0120   00 00 00 00 00 00 00 dd 06 00 e0 4c 02 01 60
