 00 00 1a 00 2f 48 00 00 7e 93 85 3b 67 06 00 00
 02 18 6c 09 c0 00 b3 00 00 00 80 00 00 00 ff ff
 ff ff ff ff 08 10 78 c8 c9 50 08 10 78 c8 c9 50
 70 fa 7e 79 9d d9 0b 00 00 00 19 00 11 04 00 0b
 7a 68 61 6e 67 79 75 79 61 6e 67 01 08 82 84 8b
 96 0c 12 18 24 03 01 01 05 04 02 03 00 00 2a 01
 04 32 04 30 48 60 6c 2d 1a ee 19 1f ff ff 00 00
 00 00 00 00 00 00 00 00 00 00 00 00 00 00 00 00
 00 00 00 3d 16 01 05 11 00 00 00 00 00 00 00 00
 00 00 00 00 00 00 00 00 00 00 00 dd 1a 00 50 f2
 01 01 00 00 50 f2 02 02 00 00 50 f2 02 00 50 f2
 04 01 00 00 50 f2 02 30 18 01 00 00 0f ac 02 02
 00 00 0f ac 02 00 0f ac 04 01 00 00 0f ac 02 00
 00 dd 18 00 50 f2 02 01 01 00 00 03 a4 00 00 27
 a4 00 00 42 43 5e 00 62 32 2f 00 dd 1e 00 90 4c
 33 ee 19 1f ff ff 00 00 00 00 00 00 00 00 00 00
 00 00 00 00 00 00 00 00 00 00 00 dd 1a 00 90 4c
 34 01 05 11 00 00 00 00 00 00 00 00 00 00 00 00
 00 00 00 00 00 00 00 dd 06 00 e0 4c 02 01 60
