28
24
29
25
41
23
27
42
25
22
24
41
20
41
41
43
22
20
42
26
24
41
41
26
26
35
26
29
27
29
28
31
26
30
41
32
44
26
37
35
32
32
33
30
31
31
28
34
32
30
34
37
31
29
28
31
29
27
25
43
24
29
27
34
30
27
29
35
33
30
31
31
33
39
39
28
28
25
27
26
27
41
36
29
29
30
28
31
29
28
33
32
31
33
28
25
42
44
26
26
32
32
32
31
28
31
29
33
28
30
35
35
32
30
29
28
27
26
26
26
26
29
29
27
25
31
27
29
34
35
27
29
31
30
30
30
86
27
26
28
27
29
29
28
29
29
28
29
29
31
29
29
27
28
28
33
26
26
41
41
24
24
28
27
29
24
30
29
29
28
30
30
29
33
27
33
31
29
28
27
27
24
26
26
26
23
24
26
24
26
29
26
27
26
30
28
29
30
30
30
33
30
29
27
42
24
28
27
25
25
27
25
25
30
28
33
33
32
28
30
32
32
28
32
31
34
31
28
88
26
27
24
25
26
27
27
31
28
30
31
28
30
28
31
30
30
32
29
27
27
27
25
25
41
26
27
41
27
28
27
26
28
30
27
33
32
31
30
29
31
28
30
31
29
30
29
27
42
27
26
26
28
29
32
28
32
33
30
28
28
31
35
28
27
26
25
41
26
28
27
27
29
28
29
31
27
29
29
29
28
88
27
25
23
25
41
26
27
27
29
29
29
28
31
29
30
28
27
26
26
26
27
26
26
24
25
26
25
24
29
29
28
29
30
30
30
32
29
34
29
29
31
29
28
24
26
27
26
25
26
27
28
28
29
27
32
28
28
29
32
30
31
26
26
26
26
28
29
28
25
41
29
28
30
29
28
31
30
33
32
29
28
41
26
26
26
28
27
29
27
28
29
28
28
27
28
29
27
30
33
31
80
31
27
26
27
25
26
29
27
28
30
33
28
31
29
28
31
30
35
30
35
33
33
28
32
29
29
26
27
27
28
30
30
29
35
32
31
31
31
33
32
30
32
30
32
30
26
28
25
26
25
27
31
26
29
31
29
29
29
32
34
30
28
27
27
31
25
27
25
25
23
41
26
26
25
27
29
28
30
28
29
31
31
30
31
30
30
27
27
27
27
24
41
41
27
26
28
31
29
30
30
31
30
27
31
30
28
28
25
27
26
26
26
27
28
31
30
30
28
29
28
28
28
28
28
31
28
30
34
28
30
28
27
27
26
27
30
28
29
28
29
28
28
26
28
29
30
29
34
30
27
28
28
29
29
41
27
26
28
32
31
29
28
28
29
29
28
30
28
25
42
27
26
27
26
26
28
27
29
29
29
29
28
29
25
28
27
28
27
26
29
27
25
41
27
27
28
28
28
26
27
27
29
30
30
29
28
86
29
26
28
24
25
23
25
24
27
24
26
26
31
28
31
29
28
30
28
32
29
31
31
29
26
28
23
22
23
26
27
27
27
31
30
30
28
31
27
28
31
32
30
28
27
27
27
44
27
26
26
26
27
27
27
28
30
25
25
29
26
27
26
25
25
24
27
27
27
29
29
28
26
27
26
27
28
26
31
31
28
26
27
28
28
31
30
29
28
26
29
33
36
29
29
31
29
28
29
31
29
28
29
28
30
29
31
31
28
28
30
30
30
28
