41
41
26
24
23
24
28
26
29
28
29
28
27
26
29
28
30
29
26
28
28
30
27
25
26
31
27
29
29
29
26
25
31
33
30
33
28
29
29
27
31
28
27
27
27
28
28
29
29
25
29
28
28
26
34
30
30
28
26
25
24
28
27
28
26
30
27
31
27
28
27
29
28
28
35
28
31
30
32
27
28
27
27
31
32
27
30
27
28
28
26
28
29
29
30
28
27
29
28
41
29
28
29
27
30
30
27
34
23
26
27
28
29
27
27
32
27
28
27
32
28
32
28
31
35
26
28
29
26
27
27
28
28
32
30
30
27
29
28
32
32
25
29
28
28
31
42
30
28
27
29
30
26
31
29
27
29
29
27
26
29
27
30
27
27
36
26
25
31
29
29
31
31
30
26
30
28
31
27
41
28
28
29
30
28
27
29
43
25
26
27
29
28
28
25
33
28
30
43
29
28
29
25
29
31
26
26
27
28
27
28
26
26
27
31
27
27
30
24
26
26
27
26
26
25
24
31
28
28
26
29
30
27
25
26
25
27
26
24
29
30
33
29
27
27
27
34
26
26
28
27
29
25
29
27
25
30
27
35
28
25
31
29
29
31
26
25
30
27
29
29
26
26
27
32
25
28
28
26
25
26
26
29
28
27
31
28
26
27
27
28
29
33
27
27
28
27
26
28
28
30
28
27
26
26
88
30
32
27
26
27
29
25
26
27
25
29
31
31
27
32
29
28
30
27
34
31
28
27
27
29
26
29
29
32
41
41
42
43
29
26
26
31
33
43
41
29
26
28
27
27
29
41
25
43
26
27
30
28
30
25
42
28
28
25
27
22
26
41
21
25
27
35
28
27
27
29
42
27
25
26
32
33
26
31
37
37
31
30
32
27
28
41
30
23
28
27
28
43
25
35
43
