18
15
19
29
19
19
20
29
36
30
20
22
33
21
22
31
30
31
22
20
29
30
37
19
19
29
19
19
19
29
19
19
31
20
30
34
20
30
31
22
29
22
22
19
20
32
30
29
34
19
19
21
22
19
31
29
31
29
21
19
19
20
20
33
21
30
22
31
34
31
29
20
19
21
30
31
19
32
29
22
34
31
37
22
31
22
31
31
22
19
20
21
33
21
20
29
31
21
22
31
20
31
31
20
34
33
30
17
22
35
29
31
20
29
21
19
32
21
21
32
31
29
21
34
31
14
30
30
29
31
21
22
22
41
35
29
30
21
29
32
37
20
22
21
29
31
31
31
31
22
29
29
32
31
30
21
30
21
21
40
35
34
21
22
22
31
22
21
22
31
21
29
31
35
22
29
22
29
30
32
32
32
22
30
22
29
21
21
33
22
29
30
22
20
30
22
22
30
39
22
32
22
29
18
18
20
21
21
22
31
20
35
22
30
22
29
29
18
31
18
22
30
21
21
22
18
33
21
21
20
22
29
30
20
22
22
31
20
33
33
20
19
22
29
29
22
30
18
33
29
21
22
21
29
30
21
29
21
21
21
30
22
34
31
30
21
31
31
21
21
29
31
19
21
31
19
29
34
21
31
32
20
33
29
22
31
21
19
21
19
31
30
19
21
30
30
22
21
20
19
22
18
22
21
30
30
30
18
17
21
21
21
21
19
18
20
22
37
31
21
32
19
31
31
29
29
21
22
21
22
20
22
20
21
29
22
30
22
30
31
21
22
30
21
31
15
22
21
29
20
22
29
21
19
29
19
30
30
20
21
17
19
22
29
31
18
20
30
21
20
19
21
31
29
22
20
21
13
30
19
21
29
30
33
35
33
40
35
20
32
22
31
33
20
32
20
36
19
21
31
36
19
