26
41
41
41
24
24
41
26
26
25
30
32
35
32
25
32
30
25
32
35
33
27
32
32
26
24
34
25
36
25
26
28
31
26
27
26
24
25
28
27
37
41
24
41
24
26
26
33
29
35
38
31
28
27
26
25
24
28
26
30
25
27
30
33
27
26
21
23
28
41
33
28
35
27
30
24
24
29
25
27
29
33
34
25
24
27
34
32
29
28
27
37
27
24
24
28
27
31
29
33
37
25
30
24
26
27
26
34
31
27
25
25
34
33
33
32
33
25
25
30
25
24
25
26
24
31
31
26
26
38
34
26
25
26
27
33
25
26
26
26
27
33
28
28
27
27
26
27
28
30
34
27
24
26
26
26
28
31
29
25
27
26
25
33
30
32
34
27
24
27
25
27
27
30
30
28
25
28
25
42
27
26
27
36
33
33
32
29
27
27
85
27
26
29
31
31
28
25
27
27
27
30
30
31
31
32
32
28
28
26
32
28
28
33
30
29
27
26
27
26
27
30
33
30
30
30
28
25
27
30
31
30
28
30
27
27
25
26
31
27
31
35
34
31
27
28
32
30
31
32
28
27
27
28
30
32
33
31
28
27
27
28
30
32
30
32
30
28
25
31
33
28
33
32
29
27
26
28
31
31
29
32
31
30
31
26
27
27
26
25
33
30
29
32
32
33
29
31
28
27
29
31
32
31
30
31
32
33
32
27
32
31
30
31
30
29
32
89
33
31
31
33
32
31
31
32
28
32
33
30
32
36
33
32
29
29
27
31
31
31
28
33
30
31
28
31
29
33
32
33
30
32
29
29
26
29
31
33
31
32
30
30
29
29
26
26
25
28
26
29
33
30
31
32
27
26
27
26
28
30
32
32
31
32
28
27
27
28
33
34
31
33
29
33
31
33
27
28
29
27
29
34
27
30
32
33
31
29
26
30
29
33
30
31
35
33
32
30
31
27
26
28
30
33
31
30
33
32
35
33
29
34
25
25
28
26
34
30
32
31
33
32
33
35
29
28
30
28
30
29
31
33
32
32
32
32
27
28
31
32
31
32
31
34
30
28
29
26
24
25
32
27
33
33
32
32
29
28
25
27
25
29
31
31
33
30
32
33
31
32
29
28
29
30
32
30
29
30
29
26
28
33
29
29
34
33
29
27
26
24
26
32
30
29
27
26
27
27
24
28
32
28
30
28
26
27
26
29
27
28
28
26
29
29
30
29
29
28
27
26
26
26
28
28
29
31
29
29
27
25
28
30
31
30
30
29
33
28
29
26
29
29
29
29
31
30
29
31
32
29
30
26
27
27
25
30
26
28
29
29
32
31
29
27
26
32
33
28
30
28
27
29
30
30
29
26
26
27
28
30
31
29
29
33
30
38
32
27
30
29
31
28
30
34
28
27
29
29
32
27
27
29
27
28
32
32
29
28
27
29
28
27
26
29
31
29
30
25
33
26
32
31
31
28
28
31
31
