19
18
34
18
19
15
17
22
30
32
22
31
37
35
19
19
36
20
29
22
19
22
21
21
32
21
32
20
20
22
35
22
30
33
32
18
19
21
35
32
20
18
30
30
22
20
20
32
30
22
21
19
30
20
21
21
20
22
30
32
20
21
22
21
21
21
17
18
21
31
20
29
21
18
33
19
18
29
20
31
31
21
19
18
20
19
37
29
30
31
21
39
29
21
20
22
22
31
30
32
33
20
20
19
22
21
22
21
22
21
31
22
31
22
32
20
21
19
20
29
18
22
18
19
19
21
29
20
20
20
36
21
31
21
22
20
20
20
22
34
21
19
29
21
20
20
19
21
21
22
29
29
21
21
22
29
31
22
31
19
20
29
22
21
31
35
33
21
21
19
19
19
21
22
31
20
31
18
17
18
21
20
22
33
30
29
31
33
22
21
19
22
29
31
33
34
29
20
20
22
31
33
29
31
31
30
31
32
31
20
38
29
21
29
33
37
20
22
30
31
31
30
33
34
30
29
18
18
32
31
29
31
30
32
30
30
21
30
21
22
30
36
39
29
22
32
29
35
21
30
31
31
29
31
30
31
31
31
31
22
20
21
34
31
36
31
32
31
19
32
29
29
30
33
31
30
21
32
31
30
30
31
33
30
32
29
21
22
22
21
31
31
32
22
34
32
31
37
21
30
34
32
35
22
30
30
33
31
32
39
31
34
31
39
31
34
30
30
30
31
30
22
34
34
35
20
35
29
34
40
29
35
33
30
34
32
36
33
34
31
34
32
32
31
31
22
29
32
33
31
32
31
31
29
22
33
21
36
31
32
30
29
31
21
22
30
21
22
32
21
30
33
30
21
22
19
20
20
29
30
32
34
34
32
32
19
21
22
31
29
34
35
39
31
38
31
30
21
18
22
22
34
29
33
36
35
22
32
21
21
31
31
30
29
20
32
32
39
31
20
20
22
31
34
29
30
34
33
33
30
31
36
19
29
22
29
32
31
31
29
31
34
33
37
32
31
29
31
22
31
34
30
32
31
35
34
22
31
32
31
30
31
29
31
35
30
31
21
22
21
32
22
31
33
32
32
31
22
20
32
21
21
29
32
32
22
32
31
31
32
30
20
22
38
29
34
31
31
20
22
31
22
30
29
29
31
22
22
18
17
19
30
30
22
21
20
31
21
19
21
29
30
33
29
20
21
22
22
29
32
31
34
31
30
29
31
29
31
29
21
20
22
31
30
30
35
30
31
31
29
30
31
31
22
22
31
32
31
31
21
29
34
30
31
21
32
30
31
31
30
31
20
29
30
21
31
31
21
22
21
34
32
30
22
30
20
22
31
29
29
29
19
34
31
29
22
21
20
33
31
31
30
31
22
30
38
32
29
34
29
30
31
31
31
21
29
21
31
33
32
31
31
31
31
33
33
30
29
31
30
21
22
21
31
31
30
30
22
20
20
21
21
21
22
21
22
21
