17
21
18
19
18
17
22
19
22
21
20
18
15
17
18
18
18
18
15
17
19
19
18
20
31
33
20
32
30
29
22
30
20
21
19
19
19
20
33
22
32
36
31
33
29
30
22
29
31
34
33
35
33
35
36
21
20
34
18
20
33
33
29
33
32
31
22
39
41
35
31
32
31
34
36
33
31
21
20
20
29
34
31
31
21
31
33
31
37
36
33
34
31
31
19
29
20
19
20
22
33
31
32
30
32
35
34
35
37
36
33
31
31
22
22
29
29
22
20
20
29
29
21
19
44
31
29
33
22
35
34
22
33
36
35
32
31
36
31
31
29
21
21
33
21
22
22
21
31
34
30
31
30
29
35
33
22
22
22
19
21
20
30
21
19
31
29
21
31
33
32
29
30
31
31
31
31
29
20
21
29
19
19
20
21
20
20
22
21
19
20
32
30
31
32
29
36
32
37
30
31
29
22
31
20
18
33
21
21
20
18
20
21
31
30
31
34
31
35
33
34
31
31
30
40
31
21
33
31
30
19
20
20
20
21
29
33
22
33
30
30
33
36
34
31
31
32
29
22
29
29
29
21
21
20
21
19
21
29
19
20
29
21
21
31
30
31
30
36
31
31
32
32
31
31
32
30
21
30
20
32
29
32
34
29
34
22
29
40
31
31
34
22
22
18
22
31
21
21
22
22
34
32
31
22
21
22
31
29
21
21
21
19
21
19
19
21
29
20
22
20
29
29
32
36
30
30
31
29
37
30
31
18
19
20
20
20
18
21
30
21
21
30
31
22
31
38
29
31
40
31
31
34
33
21
21
21
20
21
21
22
21
22
31
33
31
30
29
29
32
21
32
30
21
20
22
29
20
22
22
29
21
33
22
31
31
32
32
34
38
29
30
18
21
21
21
29
29
20
29
30
32
31
35
20
21
32
34
30
30
31
31
21
30
19
20
18
21
19
29
29
34
31
31
31
31
20
29
29
34
31
31
35
31
32
31
35
32
30
30
31
31
31
32
30
33
31
31
33
31
33
32
33
32
31
32
32
22
20
21
22
21
19
32
30
21
30
29
31
22
31
30
34
29
21
35
31
30
22
21
21
20
18
21
20
20
30
21
30
21
29
30
30
31
31
31
31
31
32
32
22
30
21
21
19
22
21
32
29
20
20
31
31
31
22
31
33
31
19
30
20
21
22
20
29
22
36
30
21
32
22
22
20
30
31
31
39
33
32
33
30
20
30
30
21
20
20
30
20
30
29
31
31
30
30
22
32
31
31
29
32
31
29
18
21
21
18
21
20
33
33
30
21
21
22
31
30
22
22
18
22
21
21
19
22
22
21
21
31
33
30
22
29
31
21
22
30
22
30
31
22
21
20
21
21
29
29
19
31
29
29
30
31
29
31
30
33
30
29
31
30
31
19
19
22
19
20
20
20
30
30
29
22
22
29
21
30
31
19
21
32
29
20
20
20
30
19
20
20
30
21
22
36
33
22
30
34
22
31
35
36
30
31
31
29
30
21
30
21
29
19
21
31
30
20
21
22
31
22
29
20
20
20
18
18
18
20
22
31
31
31
30
30
22
29
33
39
32
30
29
30
30
31
31
30
29
31
31
31
31
41
34
22
30
30
22
29
30
36
30
31
31
30
31
32
33
29
29
22
30
31
30
29
