32
31
20
19
33
18
30
31
29
22
19
31
20
21
19
30
19
20
21
22
22
19
22
19
20
30
21
30
20
21
22
19
29
21
22
20
21
22
29
30
22
32
29
21
30
31
22
21
21
22
31
31
32
30
22
31
31
22
29
30
29
31
30
32
31
21
21
19
18
19
22
29
20
22
19
19
29
31
22
29
29
21
30
22
31
35
31
29
22
31
21
30
36
29
31
29
34
32
30
21
30
30
21
32
22
21
31
30
21
21
29
33
31
32
32
20
21
21
20
30
30
22
30
15
19
18
21
31
22
21
31
30
31
31
22
29
30
33
21
20
30
21
29
31
31
21
29
32
31
33
31
29
29
30
22
31
31
31
33
35
31
31
30
29
31
29
20
29
29
33
31
30
22
19
19
18
19
20
21
30
34
33
19
22
20
29
34
32
31
31
31
31
32
29
22
30
29
21
19
30
21
31
31
32
33
37
30
32
31
30
22
30
31
33
31
32
32
31
31
34
22
32
21
31
34
34
32
22
30
21
32
32
29
20
22
31
31
29
30
29
35
29
31
31
30
29
31
31
30
29
30
21
38
29
22
30
31
43
31
22
32
36
38
34
32
36
32
31
31
31
31
31
30
31
31
31
31
38
29
30
30
31
31
30
21
22
33
22
34
30
34
31
29
32
33
37
30
21
36
34
35
31
34
31
30
32
31
31
32
31
34
29
35
35
20
19
20
31
32
34
30
29
31
33
29
32
31
31
32
36
34
31
20
31
30
21
20
31
31
38
31
31
34
30
31
29
21
29
30
22
33
34
31
31
32
32
31
30
38
34
31
30
31
21
21
31
31
36
32
21
29
33
33
31
31
22
22
37
32
31
33
30
21
33
19
30
31
33
34
31
32
31
31
31
30
29
29
22
34
33
35
29
31
29
35
20
20
20
31
19
31
31
29
19
31
31
29
31
21
29
31
31
29
20
29
31
21
19
21
21
29
21
21
19
32
22
29
21
30
21
30
29
32
21
21
29
21
30
31
32
19
35
20
30
31
19
22
31
31
29
31
22
19
30
29
19
31
34
31
31
22
33
29
31
30
20
20
22
22
22
31
29
22
29
21
22
22
33
30
20
30
22
31
31
21
31
32
20
21
19
20
30
18
21
21
21
19
31
31
22
29
18
21
20
20
20
30
20
19
18
20
21
21
22
20
29
20
20
21
19
22
21
21
18
21
35
18
19
20
31
22
18
21
18
18
19
19
19
22
31
31
32
20
19
14
31
30
22
15
32
21
20
19
18
19
19
22
20
22
30
31
32
33
20
21
20
19
19
20
20
21
30
36
19
35
14
31
14
15
29
15
32
17
34
19
19
19
40
21
31
30
30
32
19
19
19
20
19
31
31
30
31
