35
28
35
29
33
29
26
30
25
28
24
24
29
25
25
25
26
32
24
30
26
28
29
27
27
30
30
27
28
31
31
31
31
29
28
26
31
29
28
27
27
30
27
28
28
27
27
32
31
35
32
30
31
31
31
32
31
30
29
31
32
28
33
32
31
31
26
27
32
31
32
26
31
26
27
27
27
31
28
32
34
34
32
28
28
27
32
27
28
35
27
27
26
28
27
33
32
32
31
33
29
35
34
31
29
28
25
35
30
26
27
34
30
33
28
28
33
32
29
27
27
27
32
33
27
26
28
31
32
31
32
35
28
29
30
34
33
27
31
31
29
30
28
31
35
36
34
31
32
32
31
31
31
31
32
31
29
28
34
29
27
30
30
30
30
31
30
27
32
32
31
31
28
26
24
25
26
27
27
27
31
28
32
34
32
33
28
35
34
37
32
32
30
30
30
28
29
32
35
29
31
33
28
29
36
29
34
31
28
36
31
31
33
31
30
30
34
30
36
36
30
34
33
34
38
30
36
34
30
34
35
33
31
32
34
31
32
32
31
34
34
32
35
26
31
31
31
31
34
30
33
34
32
34
33
34
36
30
35
33
32
29
31
33
35
31
34
31
30
34
31
31
33
33
34
34
32
29
33
34
32
31
33
33
32
27
30
32
32
35
34
32
34
33
31
31
32
33
33
33
33
34
33
33
33
31
33
34
32
35
31
30
29
28
28
30
29
35
33
33
33
32
34
30
36
33
29
34
31
38
34
35
33
33
34
30
31
33
35
42
35
35
30
31
35
32
33
32
35
33
37
36
29
31
32
32
30
30
36
39
30
30
35
34
31
32
31
38
38
30
32
30
33
30
30
31
31
33
36
36
32
32
34
29
30
31
31
31
32
33
35
32
32
31
33
31
31
34
34
36
34
28
33
31
33
32
32
31
30
27
31
30
28
27
28
27
27
32
27
29
29
31
29
29
29
28
27
29
28
27
26
25
30
26
31
28
29
30
29
27
26
28
26
30
26
26
30
25
28
31
26
29
30
29
28
27
28
28
29
30
30
29
27
26
29
26
34
33
29
25
28
28
26
25
29
27
27
28
27
28
29
28
28
29
30
29
29
29
29
29
31
29
31
31
31
30
31
26
26
26
29
27
28
25
30
27
25
28
27
25
29
29
28
28
26
25
25
27
30
27
28
28
30
29
29
29
29
28
26
26
29
26
24
28
24
31
30
27
27
29
30
27
26
26
26
25
28
24
28
27
28
30
32
33
25
34
35
31
25
26
25
27
26
24
27
27
28
23
27
25
28
27
29
30
25
26
27
25
27
26
29
28
29
26
30
30
31
25
26
26
29
29
31
33
25
33
26
32
26
31
27
32
32
25
25
35
26
33
27
27
27
32
